T1fileslist
archivos
archivosnii
check4bval.sh
check4bvec.sh
checkNii_old.sh
compare2spm.sh
compareSpm2Nii.sh
copy_MPRAGE_Miedo.sh
countFiles.sh
cp2gambita.sh
fullListSubjects.txt
imagenes_para_marin.txt
list2.txt
listWithBval.txt
listWithBvec.txt
lista2.txt
lista_nathalie_miedo.txt
possible_files.txt
readVars.sh
salidarepetidos
stats_nii.sh
vars.txt
vars1.txt
3pil
8
9
15
19
20
25
29
31
35
44
51
53
54
56
64
65
69
71
72
72.old
75
83
90
93
95
107
108
113
119
121
123
124
125
128
129
134
138
141
143
144
145
149
150
151
153
154
155
156
157
161
165
171
172
173
175
176
177
182
185
186
195
197
198
201
202
205
208
210
212
216
219
221
225
227
230
231
232
235
237
253
256
261
263
264
266
277
288
292
293
300
301
304
307
310
312
313
314
319
320
322
327
331
332
333
344
346
348
353
355
356
357
358
364
369
371
374
381
382
390
396
399
402
409
413
416
417
423
424
426
427
429
431
432
440
441
452
456
458
464
469
472
478
480
483
484
485
491
496
499
500
504
517
526
532
535
536
537
542
544
544.old
545
545.old
547
548
549
552
559
566
568
576
577
579
580
592
593
595
598
599
600
602
610
611
615
616
619
623
625
630
631
645
650
651
662
665
670
675
678
684
686
689
691
694
696
712
715
730
734
739
748
748.old
752
754
758
761
765
769
783
784
786
789
790
791
795
799
804
806
815
818
820
821
829
840
841
848
850
858
861
863
868
869
874
876
877
878
879
884
891
892
893
894
898
905
906
912
913
914
918
928
932
934
935
939
940
942
953
954
964
965
966
971
982
984
992
994
996
1005
1006
1021
1026
1039
1049
1063
1076
1077
1212
1213
1218
1221
1224
1227
1232
1234
1237
1239
1242
1244
1247
1249
1251
1253
1260
1262
1265
1267
1268
1269
1271
1278
1283
1291
1304
1318
1320
1322
1326
1333
1336
1337
1338
1340
1357
1627
